__dÈbut__
0,0,1
2,0,1
4,0,3
6,0,1
8,0,2
10,0,2
12,0,1
14,0,2
1,1,2
3,1,1
5,1,1
7,1,1
9,1,1
11,1,2
13,1,1
0,2,2
2,2,3
4,2,2
6,2,1
8,2,1
10,2,2
12,2,3
14,2,1
1,3,2
3,3,1
5,3,1
7,3,1
9,3,2
11,3,3
13,3,1
0,4,3
2,4,2
4,4,2
6,4,3
8,4,2
10,4,1
12,4,1
14,4,3
1,5,2
3,5,2
5,5,2
7,5,1
9,5,1
11,5,1
13,5,1
0,6,1
2,6,2
4,6,1
6,6,2
8,6,1
10,6,1
12,6,1
14,6,3
1,7,2
3,7,3
5,7,1
7,7,1
9,7,1
11,7,3
13,7,2
;
0,0,7,5
0,1,8,2
0,2,5,3
0,3,0,0
1,0,10,6
1,1,5,1
1,2,7,7
1,3,13,1
;
__dÈbut__
0,0,3
2,0,2
4,0,1
6,0,1
8,0,2
10,0,2
12,0,3
14,0,1
1,1,3
3,1,3
5,1,2
7,1,2
9,1,2
11,1,1
13,1,2
0,2,3
2,2,1
4,2,3
6,2,2
8,2,1
10,2,2
12,2,1
14,2,2
1,3,1
3,3,1
5,3,1
7,3,3
9,3,3
11,3,2
13,3,2
0,4,2
2,4,1
4,4,1
6,4,1
8,4,1
10,4,3
12,4,1
14,4,1
1,5,1
3,5,1
5,5,1
7,5,1
9,5,1
11,5,1
13,5,1
0,6,2
2,6,3
4,6,1
6,6,2
8,6,1
10,6,1
12,6,2
14,6,1
1,7,1
3,7,2
5,7,1
7,7,2
9,7,2
11,7,2
13,7,1
;
0,0,8,2
0,1,5,3
0,2,12,4
0,3,7,5
1,0,3,5
1,1,8,4
1,2,5,5
1,3,8,6
;
__dÈbut__
0,0,1
2,0,2
4,0,3
6,0,3
8,0,1
10,0,1
12,0,3
14,0,1
1,1,1
3,1,2
5,1,1
7,1,1
9,1,1
11,1,2
13,1,2
0,2,2
2,2,1
4,2,1
6,2,1
8,2,1
10,2,3
12,2,1
14,2,3
1,3,2
3,3,2
5,3,1
7,3,1
9,3,1
11,3,1
13,3,1
0,4,1
2,4,1
4,4,2
6,4,3
8,4,2
10,4,3
12,4,2
14,4,2
1,5,1
3,5,2
5,5,2
7,5,1
9,5,3
11,5,2
13,5,1
0,6,1
2,6,2
4,6,1
6,6,1
8,6,2
10,6,2
12,6,1
14,6,2
1,7,2
3,7,2
5,7,3
7,7,1
9,7,1
11,7,1
13,7,3
;
0,0,8,2
0,1,6,2
0,2,9,3
0,3,13,3
1,0,5,3
1,1,6,6
1,2,1,5
1,3,9,1
;
__dÈbut__
0,0,2
2,0,1
4,0,1
6,0,1
8,0,1
10,0,1
12,0,1
14,0,1
1,1,1
3,1,3
5,1,2
7,1,1
9,1,1
11,1,1
13,1,3
0,2,2
2,2,3
4,2,2
6,2,1
8,2,3
10,2,1
12,2,1
14,2,1
1,3,2
3,3,1
5,3,2
7,3,1
9,3,3
11,3,1
13,3,2
0,4,2
2,4,1
4,4,1
6,4,1
8,4,1
10,4,2
12,4,3
14,4,2
1,5,1
3,5,1
5,5,2
7,5,2
9,5,1
11,5,2
13,5,3
0,6,1
2,6,1
4,6,3
6,6,2
8,6,2
10,6,2
12,6,3
14,6,3
1,7,2
3,7,1
5,7,2
7,7,2
9,7,1
11,7,2
13,7,1
;
0,0,7,1
0,1,3,3
0,2,12,2
0,3,3,5
1,0,10,0
1,1,8,4
1,2,6,4
1,3,10,2
;
__d√©but__
0,0,2
2,0,1
4,0,1
6,0,3
8,0,2
10,0,1
12,0,1
14,0,2
1,1,2
3,1,2
5,1,1
7,1,1
9,1,2
11,1,2
13,1,2
0,2,2
2,2,1
4,2,2
6,2,1
8,2,3
10,2,3
12,2,1
14,2,2
1,3,1
3,3,1
5,3,3
7,3,1
9,3,1
11,3,2
13,3,1
0,4,1
2,4,1
4,4,2
6,4,2
8,4,1
10,4,2
12,4,2
14,4,1
1,5,1
3,5,1
5,5,3
7,5,1
9,5,2
11,5,1
13,5,3
0,6,1
2,6,1
4,6,3
6,6,1
8,6,2
10,6,2
12,6,1
14,6,3
1,7,1
3,7,3
5,7,2
7,7,1
9,7,1
11,7,3
13,7,1
;
0,0,9,3
0,1,3,5
0,2,3,3
0,3,4,0
1,0,8,4
1,1,9,7
1,2,7,7
1,3,1,7
;
__d√©but__
0,0,2
2,0,1
4,0,1
6,0,1
8,0,2
10,0,3
12,0,1
14,0,2
1,1,1
3,1,2
5,1,1
7,1,3
9,1,2
11,1,2
13,1,2
0,2,1
2,2,1
4,2,1
6,2,1
8,2,3
10,2,1
12,2,1
14,2,1
1,3,1
3,3,2
5,3,3
7,3,1
9,3,3
11,3,1
13,3,2
0,4,2
2,4,2
4,4,1
6,4,2
8,4,3
10,4,2
12,4,1
14,4,1
1,5,1
3,5,1
5,5,1
7,5,1
9,5,1
11,5,3
13,5,2
0,6,1
2,6,1
4,6,1
6,6,1
8,6,2
10,6,3
12,6,1
14,6,2
1,7,2
3,7,3
5,7,1
7,7,2
9,7,3
11,7,2
13,7,2
;
0,0,10,2
0,1,12,4
0,2,7,5
0,3,4,2
1,0,3,5
1,1,5,1
1,2,7,3
1,3,12,6
;
;
0,59
1,35
*
__fin__
__d√©but__
0,0,2
2,0,1
4,0,1
6,0,2
8,0,1
10,0,1
12,0,2
14,0,1
1,1,1
3,1,2
5,1,2
7,1,1
9,1,1
11,1,2
13,1,1
0,2,1
2,2,1
4,2,2
6,2,2
8,2,3
10,2,1
12,2,3
14,2,1
1,3,1
3,3,3
5,3,3
7,3,3
9,3,3
11,3,1
13,3,2
0,4,2
2,4,2
4,4,1
6,4,2
8,4,2
10,4,1
12,4,2
14,4,1
1,5,2
3,5,2
5,5,2
7,5,1
9,5,1
11,5,1
13,5,3
0,6,1
2,6,2
4,6,1
6,6,1
8,6,2
10,6,2
12,6,1
14,6,3
1,7,1
3,7,1
5,7,1
7,7,3
9,7,1
11,7,3
13,7,1
;
0,0,10,4
0,1,5,7
0,2,9,1
0,3,11,5
1,0,8,0
1,1,6,6
1,2,2,2
1,3,2,0
;
;
0,46
1,54
__fin__
__d√©but__
0,0,1
2,0,1
4,0,1
6,0,1
8,0,2
10,0,1
12,0,2
14,0,1
1,1,1
3,1,1
5,1,1
7,1,1
9,1,1
11,1,1
13,1,1
0,2,1
2,2,2
4,2,1
6,2,2
8,2,3
10,2,1
12,2,1
14,2,3
1,3,3
3,3,2
5,3,1
7,3,2
9,3,3
11,3,2
13,3,2
0,4,3
2,4,1
4,4,1
6,4,2
8,4,1
10,4,2
12,4,2
14,4,2
1,5,3
3,5,2
5,5,2
7,5,1
9,5,3
11,5,1
13,5,2
0,6,1
2,6,2
4,6,1
6,6,3
8,6,3
10,6,2
12,6,1
14,6,2
1,7,1
3,7,2
5,7,3
7,7,1
9,7,1
11,7,2
13,7,1
;
0,0,7,1
0,1,8,4
1,0,4,2
1,1,1,1
2,0,10,0
2,1,4,6
3,0,7,7
3,1,4,0
;
;
0,26
1,17
2,34
3,22
__fin__
__d√©but__
0,0,3
2,0,1
4,0,2
6,0,2
8,0,2
10,0,2
12,0,1
14,0,2
1,1,2
3,1,1
5,1,1
7,1,1
9,1,1
11,1,2
13,1,3
0,2,2
2,2,2
4,2,1
6,2,2
8,2,1
10,2,1
12,2,3
14,2,3
1,3,3
3,3,1
5,3,1
7,3,1
9,3,2
11,3,1
13,3,2
0,4,2
2,4,1
4,4,3
6,4,1
8,4,2
10,4,1
12,4,1
14,4,1
1,5,3
3,5,1
5,5,1
7,5,1
9,5,2
11,5,2
13,5,3
0,6,1
2,6,1
4,6,1
6,6,2
8,6,3
10,6,1
12,6,1
14,6,1
1,7,2
3,7,1
5,7,1
7,7,2
9,7,3
11,7,1
13,7,2
;
0,0,6,4
0,1,12,6
0,2,5,3
0,3,4,2
1,0,5,1
1,1,10,2
1,2,4,6
1,3,10,4
;
__d√©but__
0,0,3
2,0,3
4,0,1
6,0,1
8,0,2
10,0,3
12,0,1
14,0,1
1,1,3
3,1,1
5,1,1
7,1,1
9,1,2
11,1,2
13,1,2
0,2,3
2,2,2
4,2,1
6,2,1
8,2,2
10,2,3
12,2,2
14,2,3
1,3,1
3,3,3
5,3,1
7,3,1
9,3,1
11,3,2
13,3,2
0,4,1
2,4,1
4,4,2
6,4,2
8,4,1
10,4,1
12,4,1
14,4,1
1,5,1
3,5,1
5,5,3
7,5,1
9,5,1
11,5,2
13,5,2
0,6,2
2,6,1
4,6,2
6,6,1
8,6,1
10,6,3
12,6,1
14,6,2
1,7,2
3,7,1
5,7,1
7,7,1
9,7,2
11,7,2
13,7,2
;
0,0,5,3
0,1,7,5
0,2,8,6
0,3,7,7
1,0,8,4
1,1,6,0
1,2,5,1
1,3,10,4
;
__d√©but__
0,0,2
2,0,2
4,0,1
6,0,1
8,0,1
10,0,1
12,0,1
14,0,3
1,1,1
3,1,1
5,1,1
7,1,1
9,1,1
11,1,2
13,1,1
0,2,1
2,2,1
4,2,3
6,2,2
8,2,1
10,2,2
12,2,2
14,2,2
1,3,1
3,3,2
5,3,3
7,3,1
9,3,2
11,3,2
13,3,3
0,4,2
2,4,1
4,4,2
6,4,2
8,4,3
10,4,1
12,4,3
14,4,2
1,5,1
3,5,2
5,5,1
7,5,3
9,5,1
11,5,1
13,5,2
0,6,2
2,6,2
4,6,1
6,6,2
8,6,3
10,6,2
12,6,1
14,6,1
1,7,3
3,7,3
5,7,1
7,7,1
9,7,1
11,7,1
13,7,1
;
0,0,8,2
0,1,7,7
0,2,8,0
0,3,2,2
1,0,5,1
1,1,4,6
1,2,9,5
1,3,13,7
;
__d√©but__
0,0,2
2,0,2
4,0,1
6,0,2
8,0,1
10,0,2
12,0,1
14,0,2
1,1,1
3,1,1
5,1,1
7,1,3
9,1,2
11,1,1
13,1,2
0,2,1
2,2,3
4,2,1
6,2,1
8,2,2
10,2,1
12,2,2
14,2,1
1,3,1
3,3,2
5,3,1
7,3,2
9,3,1
11,3,2
13,3,1
0,4,2
2,4,2
4,4,3
6,4,1
8,4,1
10,4,3
12,4,1
14,4,1
1,5,1
3,5,2
5,5,3
7,5,2
9,5,1
11,5,3
13,5,2
0,6,1
2,6,1
4,6,2
6,6,2
8,6,1
10,6,1
12,6,3
14,6,1
1,7,3
3,7,1
5,7,3
7,7,1
9,7,2
11,7,1
13,7,3
;
0,0,6,4
0,1,9,3
0,2,8,6
0,3,1,5
1,0,8,4
1,1,9,5
1,2,3,7
1,3,2,6
;
__d√©but__
0,0,1
2,0,1
4,0,2
6,0,2
8,0,1
10,0,1
12,0,1
14,0,3
1,1,3
3,1,1
5,1,1
7,1,1
9,1,2
11,1,2
13,1,1
0,2,2
2,2,1
4,2,1
6,2,1
8,2,1
10,2,1
12,2,2
14,2,3
1,3,2
3,3,3
5,3,1
7,3,3
9,3,3
11,3,1
13,3,2
0,4,2
2,4,2
4,4,3
6,4,3
8,4,2
10,4,2
12,4,1
14,4,2
1,5,1
3,5,1
5,5,2
7,5,2
9,5,1
11,5,1
13,5,3
0,6,1
2,6,1
4,6,1
6,6,1
8,6,1
10,6,1
12,6,2
14,6,2
1,7,2
3,7,3
5,7,1
7,7,2
9,7,2
11,7,1
13,7,1
;
0,0,6,2
0,1,11,5
0,2,8,0
0,3,3,5
1,0,8,6
1,1,6,6
1,2,3,1
1,3,11,3
;
;
0,47
1,42
__fin__
__d√©but__
0,0,3
2,0,1
4,0,1
6,0,3
8,0,3
10,0,2
12,0,2
14,0,3
1,1,1
3,1,3
5,1,1
7,1,2
9,1,1
11,1,1
13,1,2
0,2,3
2,2,1
4,2,1
6,2,2
8,2,2
10,2,2
12,2,1
14,2,1
1,3,1
3,3,2
5,3,2
7,3,1
9,3,2
11,3,1
13,3,1
0,4,2
2,4,1
4,4,1
6,4,1
8,4,1
10,4,2
12,4,1
14,4,2
1,5,1
3,5,1
5,5,1
7,5,3
9,5,2
11,5,1
13,5,1
0,6,2
2,6,2
4,6,1
6,6,1
8,6,2
10,6,1
12,6,3
14,6,1
1,7,1
3,7,2
5,7,3
7,7,2
9,7,3
11,7,2
13,7,1
;
0,0,5,5
0,1,5,1
0,2,8,4
0,3,4,4
1,0,12,4
1,1,1,3
1,2,4,2
1,3,13,3
;
;
0,55
1,42
__fin__
__d√©but__
0,0,1
2,0,1
4,0,2
6,0,2
8,0,1
10,0,1
12,0,1
14,0,2
1,1,2
3,1,2
5,1,1
7,1,2
9,1,3
11,1,1
13,1,2
0,2,1
2,2,3
4,2,1
6,2,3
8,2,1
10,2,1
12,2,1
14,2,1
1,3,2
3,3,3
5,3,2
7,3,3
9,3,1
11,3,1
13,3,3
0,4,3
2,4,1
4,4,2
6,4,2
8,4,1
10,4,2
12,4,1
14,4,1
1,5,3
3,5,2
5,5,2
7,5,2
9,5,1
11,5,1
13,5,2
0,6,2
2,6,1
4,6,1
6,6,2
8,6,2
10,6,1
12,6,3
14,6,1
1,7,1
3,7,2
5,7,1
7,7,1
9,7,3
11,7,1
13,7,1
;
0,0,10,2
0,1,10,0
0,2,2,4
0,3,8,2
1,0,10,6
1,1,5,7
1,2,9,5
1,3,12,4
;
__d√©but__
0,0,2
2,0,1
4,0,1
6,0,1
8,0,2
10,0,2
12,0,2
14,0,1
1,1,2
3,1,1
5,1,2
7,1,2
9,1,3
11,1,2
13,1,3
0,2,2
2,2,3
4,2,1
6,2,1
8,2,1
10,2,1
12,2,1
14,2,3
1,3,3
3,3,2
5,3,1
7,3,1
9,3,3
11,3,2
13,3,2
0,4,3
2,4,1
4,4,1
6,4,2
8,4,1
10,4,1
12,4,1
14,4,1
1,5,1
3,5,1
5,5,1
7,5,1
9,5,2
11,5,1
13,5,3
0,6,2
2,6,2
4,6,1
6,6,1
8,6,1
10,6,2
12,6,1
14,6,2
1,7,1
3,7,1
5,7,3
7,7,2
9,7,1
11,7,3
13,7,2
;
0,0,4,2
0,1,5,5
0,2,9,7
0,3,5,3
1,0,10,4
1,1,6,2
1,2,6,6
1,3,10,2
;
__d√©but__
0,0,1
2,0,1
4,0,1
6,0,2
8,0,3
10,0,1
12,0,1
14,0,1
1,1,1
3,1,1
5,1,3
7,1,1
9,1,1
11,1,2
13,1,2
0,2,1
2,2,2
4,2,3
6,2,1
8,2,2
10,2,1
12,2,1
14,2,3
1,3,2
3,3,3
5,3,1
7,3,1
9,3,1
11,3,1
13,3,3
0,4,1
2,4,2
4,4,1
6,4,2
8,4,2
10,4,2
12,4,1
14,4,1
1,5,2
3,5,3
5,5,1
7,5,1
9,5,3
11,5,1
13,5,1
0,6,1
2,6,2
4,6,2
6,6,2
8,6,2
10,6,2
12,6,2
14,6,2
1,7,1
3,7,3
5,7,3
7,7,2
9,7,2
11,7,1
13,7,1
;
0,0,4,4
0,1,4,0
0,2,7,1
0,3,11,3
1,0,10,2
1,1,7,3
1,2,7,5
1,3,14,4
;
__d√©but__
0,0,2
2,0,3
4,0,3
6,0,2
8,0,3
10,0,2
12,0,1
14,0,2
1,1,1
3,1,1
5,1,2
7,1,1
9,1,2
11,1,2
13,1,3
0,2,2
2,2,1
4,2,1
6,2,1
8,2,1
10,2,1
12,2,1
14,2,2
1,3,2
3,3,1
5,3,3
7,3,1
9,3,2
11,3,1
13,3,1
0,4,3
2,4,2
4,4,1
6,4,1
8,4,2
10,4,1
12,4,1
14,4,1
1,5,1
3,5,2
5,5,2
7,5,2
9,5,1
11,5,2
13,5,1
0,6,3
2,6,2
4,6,1
6,6,3
8,6,3
10,6,1
12,6,3
14,6,1
1,7,1
3,7,2
5,7,1
7,7,1
9,7,1
11,7,2
13,7,1
;
0,0,3,3
0,1,8,2
1,0,9,7
1,1,6,4
2,0,4,4
2,1,7,7
3,0,4,6
3,1,13,3
;
__d√©but__
0,0,3
2,0,2
4,0,1
6,0,1
8,0,1
10,0,2
12,0,2
14,0,1
1,1,1
3,1,1
5,1,1
7,1,1
9,1,1
11,1,1
13,1,2
0,2,2
2,2,1
4,2,3
6,2,2
8,2,1
10,2,2
12,2,2
14,2,1
1,3,1
3,3,2
5,3,3
7,3,1
9,3,1
11,3,2
13,3,2
0,4,2
2,4,3
4,4,3
6,4,1
8,4,1
10,4,3
12,4,3
14,4,1
1,5,1
3,5,1
5,5,2
7,5,2
9,5,2
11,5,2
13,5,1
0,6,1
2,6,3
4,6,2
6,6,3
8,6,1
10,6,1
12,6,1
14,6,1
1,7,2
3,7,2
5,7,3
7,7,1
9,7,1
11,7,2
13,7,1
;
0,0,7,1
0,1,3,5
1,0,7,7
1,1,1,5
2,0,1,1
2,1,4,0
3,0,2,2
3,1,6,4
;
;
0,14
1,23
2,10
3,40
__fin__
__d√©but__
0,0,1
2,0,1
4,0,2
6,0,2
8,0,3
10,0,1
12,0,1
14,0,1
1,1,2
3,1,1
5,1,1
7,1,3
9,1,3
11,1,1
13,1,2
0,2,1
2,2,2
4,2,1
6,2,1
8,2,1
10,2,1
12,2,2
14,2,1
1,3,1
3,3,1
5,3,1
7,3,1
9,3,3
11,3,2
13,3,1
0,4,1
2,4,1
4,4,3
6,4,2
8,4,2
10,4,2
12,4,2
14,4,1
1,5,2
3,5,3
5,5,2
7,5,1
9,5,1
11,5,1
13,5,1
0,6,1
2,6,3
4,6,2
6,6,3
8,6,2
10,6,1
12,6,2
14,6,2
1,7,2
3,7,1
5,7,2
7,7,3
9,7,2
11,7,3
13,7,1
;
0,0,4,2
0,1,13,3
1,0,10,2
1,1,14,0
2,0,8,2
2,1,1,3
3,0,2,0
3,1,0,6
;
;
0,6
1,25
2,31
3,29
__fin__
__d√©but__
0,0,1
2,0,2
4,0,1
6,0,2
8,0,2
10,0,3
12,0,2
14,0,1
1,1,3
3,1,2
5,1,1
7,1,1
9,1,2
11,1,1
13,1,2
0,2,1
2,2,1
4,2,3
6,2,2
8,2,1
10,2,3
12,2,3
14,2,2
1,3,2
3,3,1
5,3,1
7,3,2
9,3,1
11,3,3
13,3,1
0,4,1
2,4,1
4,4,2
6,4,2
8,4,1
10,4,1
12,4,3
14,4,3
1,5,2
3,5,1
5,5,2
7,5,2
9,5,1
11,5,1
13,5,1
0,6,1
2,6,1
4,6,1
6,6,1
8,6,1
10,6,3
12,6,2
14,6,2
1,7,1
3,7,3
5,7,2
7,7,1
9,7,1
11,7,1
13,7,2
;
0,0,6,6
0,1,3,5
0,2,3,3
1,0,9,7
1,1,0,2
1,2,5,3
2,0,10,4
2,1,5,1
2,2,8,4
;
;
0,15
1,24
2,60
__fin__
__d√©but__
0,0,2
2,0,1
4,0,2
6,0,1
8,0,1
10,0,1
12,0,3
14,0,3
1,1,2
3,1,2
5,1,1
7,1,2
9,1,1
11,1,2
13,1,1
0,2,1
2,2,3
4,2,2
6,2,1
8,2,1
10,2,2
12,2,1
14,2,2
1,3,3
3,3,2
5,3,1
7,3,2
9,3,1
11,3,1
13,3,2
0,4,1
2,4,1
4,4,1
6,4,1
8,4,3
10,4,1
12,4,1
14,4,1
1,5,1
3,5,1
5,5,3
7,5,2
9,5,2
11,5,3
13,5,1
0,6,1
2,6,3
4,6,1
6,6,3
8,6,2
10,6,2
12,6,2
14,6,2
1,7,2
3,7,1
5,7,2
7,7,1
9,7,3
11,7,1
13,7,1
;
0,0,10,4
0,1,9,1
0,2,2,4
0,3,6,2
1,0,2,0
1,1,12,4
1,2,0,6
1,3,4,4
;
;
0,32
1,67
__fin__
__d√©but__
0,0,3
2,0,2
4,0,2
6,0,1
8,0,2
10,0,1
12,0,3
14,0,1
1,1,1
3,1,3
5,1,1
7,1,1
9,1,2
11,1,1
13,1,3
0,2,2
2,2,2
4,2,1
6,2,1
8,2,1
10,2,2
12,2,2
14,2,1
1,3,2
3,3,1
5,3,1
7,3,2
9,3,1
11,3,1
13,3,2
0,4,1
2,4,1
4,4,1
6,4,2
8,4,3
10,4,1
12,4,2
14,4,1
1,5,2
3,5,1
5,5,3
7,5,2
9,5,1
11,5,1
13,5,1
0,6,3
2,6,2
4,6,1
6,6,3
8,6,1
10,6,1
12,6,1
14,6,1
1,7,2
3,7,1
5,7,2
7,7,3
9,7,2
11,7,2
13,7,3
;
0,0,10,4
0,1,4,6
0,2,13,5
0,3,5,3
1,0,6,2
1,1,3,3
1,2,6,0
1,3,11,1
;
__d√©but__
0,0,1
2,0,2
4,0,2
6,0,3
8,0,1
10,0,3
12,0,1
14,0,1
1,1,3
3,1,1
5,1,1
7,1,3
9,1,2
11,1,2
13,1,1
0,2,1
2,2,1
4,2,3
6,2,2
8,2,1
10,2,1
12,2,2
14,2,2
1,3,1
3,3,2
5,3,1
7,3,1
9,3,1
11,3,3
13,3,2
0,4,1
2,4,2
4,4,1
6,4,1
8,4,1
10,4,3
12,4,3
14,4,2
1,5,1
3,5,2
5,5,2
7,5,3
9,5,2
11,5,1
13,5,1
0,6,2
2,6,1
4,6,1
6,6,2
8,6,1
10,6,1
12,6,1
14,6,2
1,7,2
3,7,2
5,7,3
7,7,1
9,7,2
11,7,1
13,7,1
;
0,0,7,3
0,1,4,4
0,2,11,5
0,3,11,7
1,0,8,6
1,1,10,2
1,2,3,1
1,3,1,3
;
;
0,46
1,54
__fin__
__d√©but__
0,0,3
2,0,2
4,0,1
6,0,1
8,0,1
10,0,1
12,0,2
14,0,2
1,1,2
3,1,3
5,1,3
7,1,3
9,1,1
11,1,2
13,1,1
0,2,2
2,2,3
4,2,3
6,2,1
8,2,3
10,2,1
12,2,3
14,2,3
1,3,1
3,3,3
5,3,2
7,3,2
9,3,2
11,3,1
13,3,1
0,4,2
2,4,2
4,4,2
6,4,1
8,4,1
10,4,1
12,4,1
14,4,1
1,5,1
3,5,2
5,5,1
7,5,2
9,5,1
11,5,2
13,5,2
0,6,1
2,6,1
4,6,1
6,6,2
8,6,1
10,6,1
12,6,1
14,6,1
1,7,1
3,7,2
5,7,2
7,7,2
9,7,1
11,7,1
13,7,1
;
0,0,8,4
0,1,5,5
0,2,6,2
1,0,9,1
1,1,8,0
1,2,4,0
2,0,8,6
2,1,11,3
2,2,13,7
;
;
0,43
1,23
2,34
*
__fin__
__d√©but__
0,0,3
2,0,1
4,0,1
6,0,1
8,0,1
10,0,2
12,0,1
14,0,1
1,1,1
3,1,1
5,1,2
7,1,1
9,1,2
11,1,3
13,1,1
0,2,2
2,2,1
4,2,1
6,2,1
8,2,2
10,2,1
12,2,2
14,2,3
1,3,1
3,3,2
5,3,2
7,3,2
9,3,1
11,3,2
13,3,2
0,4,3
2,4,2
4,4,1
6,4,3
8,4,1
10,4,1
12,4,1
14,4,1
1,5,2
3,5,1
5,5,1
7,5,3
9,5,2
11,5,3
13,5,3
0,6,2
2,6,2
4,6,3
6,6,2
8,6,1
10,6,1
12,6,1
14,6,1
1,7,3
3,7,2
5,7,2
7,7,2
9,7,1
11,7,1
13,7,1
;
0,0,10,4
0,1,6,2
0,2,10,6
0,3,4,4
1,0,8,0
1,1,3,1
1,2,9,3
1,3,4,2
;
__d√©but__
0,0,3
2,0,1
4,0,2
6,0,3
8,0,1
10,0,1
12,0,1
14,0,2
1,1,2
3,1,2
5,1,1
7,1,1
9,1,3
11,1,1
13,1,1
0,2,2
2,2,1
4,2,1
6,2,2
8,2,1
10,2,3
12,2,1
14,2,1
1,3,2
3,3,3
5,3,3
7,3,2
9,3,2
11,3,1
13,3,2
0,4,2
2,4,1
4,4,1
6,4,1
8,4,2
10,4,2
12,4,3
14,4,3
1,5,2
3,5,2
5,5,2
7,5,1
9,5,2
11,5,1
13,5,1
0,6,1
2,6,1
4,6,1
6,6,1
8,6,1
10,6,1
12,6,1
14,6,2
1,7,1
3,7,3
5,7,3
7,7,2
9,7,1
11,7,1
13,7,2
;
0,0,8,6
0,1,8,0
0,2,7,5
0,3,13,1
1,0,8,2
1,1,5,1
1,2,4,4
1,3,0,6
;
;
0,35
1,39
__fin__
__d√©but__
0,0,1
2,0,1
4,0,3
6,0,1
8,0,2
10,0,2
12,0,3
14,0,1
1,1,1
3,1,2
5,1,2
7,1,1
9,1,1
11,1,1
13,1,1
0,2,1
2,2,1
4,2,2
6,2,3
8,2,1
10,2,2
12,2,2
14,2,2
1,3,1
3,3,1
5,3,1
7,3,2
9,3,2
11,3,2
13,3,1
0,4,1
2,4,2
4,4,2
6,4,2
8,4,3
10,4,2
12,4,3
14,4,1
1,5,1
3,5,3
5,5,1
7,5,1
9,5,1
11,5,1
13,5,1
0,6,3
2,6,3
4,6,2
6,6,1
8,6,1
10,6,3
12,6,1
14,6,1
1,7,2
3,7,3
5,7,2
7,7,2
9,7,1
11,7,2
13,7,1
;
0,0,6,0
0,1,0,4
0,2,14,4
0,3,9,1
1,0,14,6
1,1,8,6
1,2,1,5
1,3,7,1
;
